0 0 -18.2127
1 0 -332.384
2 0 383.299
3 0 -83.1502
4 0 254.243
5 0 -369.729
6 0 256.003
7 0 192.13

0 1 124.333
1 1 80.1076
2 1 -423.537
3 1 416.096
4 1 318.548
5 1 -526.958
6 1 -650.37
7 1 103.811

0 2 -332.131
1 2 152.229
2 2 -168.95
3 2 380.842
4 2 15.2231
5 2 563.542
6 2 -414.935
7 2 -254.609

0 3 -288.691
1 3 -119.239
2 3 -131.424
3 3 469.184
4 3 -150.912
5 3 -79.5894
6 3 -83.9422
7 3 228.645

0 4 25.3465
1 4 358.427
2 4 -125.484
3 4 269.066
4 4 -114.82
5 4 -98.0514
6 4 376.081
7 4 -313.379

0 5 86.64
1 5 143.239
2 5 42.9999
3 5 -193.092
4 5 -502.508
5 5 352.871
6 5 -437.342
7 5 153.317

0 6 657.066
1 6 143.532
2 6 -109.854
3 6 -154.711
4 6 -576.51
5 6 203.603
6 6 317.836
7 6 -448.433

0 7 415.597
1 7 -232.741
2 7 182.519
3 7 20.8109
4 7 54.6133
5 7 -113.809
6 7 137.236
7 7 355.585


-64 0
-63 0
-62 0
-61 0
-60 0
-59 0
-58 0
-57 0
-56 0
-55 0
-54 0
-53 0
-52 0
-51 0
-50 0
-49 0
-48 0
-47 0
-46 0
-45 0
-44 0
-43 0
-42 0
-41 0
-40 0
-39 0
-38 0
-37 0
-36 0
-35 0
-34 0
-33 0
-32 0
-31 0
-30 0
-29 0
-28 0
-27 0
-26 0
-25 0
-24 0
-23 -0.5
-22 -1.11022e-16
-21 -0.5
-20 -0.099361
-19 -7.41263e-09
-18 -0.291293
-17 -0.0660307
-16 -0.0647116
-15 -0.100208
-14 -0.0192355
-13 -0.00575062
-12 0.0324381
-11 -0.0216642
-10 0.0267417
-9 -0.00866321
-8 0.0314772
-7 -0.0369115
-6 -0.0149858
-5 -0.0393623
-4 -0.0267035
-3 0.00820114
-2 -0.00918666
-1 -0.0184283
0 -0.0235846
1 -0.0116685
2 -0.0221128
3 -0.0129108
4 0.0358004
5 0.0265586
6 -0.00445527
7 -0.0229901
8 0.0432602
9 -0.0202497
10 -0.0224558
11 -0.0117717
12 0.0453848
13 0.0350303
14 0.0255952
15 0.0304215
16 -0.0748576
17 -0.0491333
18 -0.124369
19 0.0555289
20 -0.114604
21 -0.499978
22 0
23 -4.37312e-05
24 0.00051442
25 0
26 0
27 0
28 0
29 0
30 0
31 0
32 0
33 0
34 0
35 0
36 0
37 0
38 0
39 0
40 0
41 0
42 0
43 0
44 0
45 0
46 0
47 0
48 0
49 0
50 0
51 0
52 0
53 0
54 0
55 0
56 0
57 0
58 0
59 0
60 0
61 0
62 0
63 0
64 0
